X_park =

  Columns 1 through 3

   0.305674131336000  -0.951748346991534   0.027173690048719
   0.950846789582868   0.306620616141976   0.043291806345646
  -0.049534918713338   0.012604830645269   0.998692850716605
                   0                   0                   0

  Column 4

  -0.059295477161724
  -0.037025693061241
   0.051138825728506
   1.000000000000000


X_l =

  Columns 1 through 3

   0.305614694419973  -0.951767249157116   0.027180176351209
   0.950863956147197   0.306562034336498   0.043329620394947
  -0.049572123766172   0.012602481317754   0.998691034309384
                   0                   0                   0

  Column 4

  -0.059285819668002
  -0.037036647416931
   0.051141819536684
   1.000000000000000

Nominal april tag frame with respect to the base.
ans =

  Columns 1 through 3

   0.035088152778465   0.007662234514384  -0.999355280566143
  -0.995116447933652  -0.092049575073838  -0.035645125191456
  -0.092262508873318   0.995724296851034   0.004394646534671
                   0                   0                   0

  Column 4

   1.545988076937882
  -0.190151525884330
   0.480748928152179
   1.000000000000000


