('D = ', [-0.048820011873927545, -0.013627793290606852, -0.005025588144607388, -0.009140670186401719, 0.0])
('K = ', [550.787064415277, 0.0, 297.31327247760044, 0.0, 550.6736327525648, 228.31764903969858, 0.0, 0.0, 1.0])
('R = ', [1.0, 0.0, 0.0, 0.0, 1.0, 0.0, 0.0, 0.0, 1.0])
('P = ', [537.7990112304688, 0.0, 290.30492572392905, 0.0, 0.0, 544.4264526367188, 225.8665073763368, 0.0, 0.0, 0.0, 1.0, 0.0])
None
# oST version 5.0 parameters


[image]

width
640

height
480

[narrow_stereo]

camera matrix
550.787064 0.000000 297.313272
0.000000 550.673633 228.317649
0.000000 0.000000 1.000000

distortion
-0.048820 -0.013628 -0.005026 -0.009141 0.000000

rectification
1.000000 0.000000 0.000000
0.000000 1.000000 0.000000
0.000000 0.000000 1.000000

projection
537.799011 0.000000 290.304926 0.000000
0.000000 544.426453 225.866507 0.000000
0.000000 0.000000 1.000000 0.000000

