('D = ', [-0.009210018232202622, -0.052936714642943854, -0.006096816363012518, -0.011425341184571074, 0.0])
('K = ', [516.0238029228831, 0.0, 286.73171201028833, 0.0, 512.7713094552075, 227.78122628415073, 0.0, 0.0, 1.0])
('R = ', [1.0, 0.0, 0.0, 0.0, 1.0, 0.0, 0.0, 0.0, 1.0])
('P = ', [505.65570068359375, 0.0, 277.42084030566184, 0.0, 0.0, 510.70880126953125, 224.72007508716524, 0.0, 0.0, 0.0, 1.0, 0.0])
None
# oST version 5.0 parameters


[image]

width
640

height
480

[narrow_stereo]

camera matrix
516.023803 0.000000 286.731712
0.000000 512.771309 227.781226
0.000000 0.000000 1.000000

distortion
-0.009210 -0.052937 -0.006097 -0.011425 0.000000

rectification
1.000000 0.000000 0.000000
0.000000 1.000000 0.000000
0.000000 0.000000 1.000000

projection
505.655701 0.000000 277.420840 0.000000
0.000000 510.708801 224.720075 0.000000
0.000000 0.000000 1.000000 0.000000

------------------------------------------------
Second trial: (just to see if the result is consistent or not)

[image]

width
640

height
480

[narrow_stereo]

camera matrix
527.376384 0.000000 293.095262
0.000000 525.094091 230.025278
0.000000 0.000000 1.000000

distortion
0.019958 -0.114394 -0.003897 -0.010043 0.000000

rectification
1.000000 0.000000 0.000000
0.000000 1.000000 0.000000
0.000000 0.000000 1.000000

projection
518.920715 0.000000 284.801655 0.000000
0.000000 524.738586 227.944467 0.000000
0.000000 0.000000 1.000000 0.000000


('Wrote calibration data to', '/tmp/calibrationdata.tar.gz')
('D = ', [0.019957881163554864, -0.1143936836371077, -0.0038966462493194086, -0.010043160444161843, 0.0])
('K = ', [527.376384046774, 0.0, 293.09526152064404, 0.0, 525.0940911522353, 230.0252776978913, 0.0, 0.0, 1.0])
('R = ', [1.0, 0.0, 0.0, 0.0, 1.0, 0.0, 0.0, 0.0, 1.0])
('P = ', [518.9207153320312, 0.0, 284.801654598592, 0.0, 0.0, 524.7385864257812, 227.94446742286345, 0.0, 0.0, 0.0, 1.0, 0.0])
# oST version 5.0 parameters


[image]

width
640

height
480

[narrow_stereo]

camera matrix
527.376384 0.000000 293.095262
0.000000 525.094091 230.025278
0.000000 0.000000 1.000000

distortion
0.019958 -0.114394 -0.003897 -0.010043 0.000000

rectification
1.000000 0.000000 0.000000
0.000000 1.000000 0.000000
0.000000 0.000000 1.000000

projection
518.920715 0.000000 284.801655 0.000000
0.000000 524.738586 227.944467 0.000000
0.000000 0.000000 1.000000 0.000000














