 -0.981358  -0.170958  0.0878092  -0.110316
 -0.179974   0.977748  -0.107785   0.103583
-0.0674285  -0.121579  -0.990289   0.838729
         0          0          0          1
-0.0869486 -0.0398249   0.995416   0.645658
  0.213187   0.975309  0.0576421   -0.13505
 -0.973135   0.217222 -0.0763117   0.393627
         0          0          0          1
  -0.99177 -0.0764833   0.102681 -0.0935868
-0.0846961   0.993337 -0.0781579  0.0889486
-0.0960193 -0.0862114  -0.991639   0.789673
         0          0          0          1
-0.0720044 -0.0520013   0.996048   0.694808
  0.307094   0.948971  0.0717434  -0.143488
 -0.948951   0.311046 -0.0523608   0.397157
         0          0          0          1
 -0.991466  0.0155462   0.129436 -0.0776874
 0.0102114   0.999075 -0.0417776  0.0720948
 -0.129966 -0.0400994  -0.990707   0.743071
         0          0          0          1
-0.0575156 -0.0661559    0.99615   0.741971
  0.398499   0.913345  0.0836652  -0.151829
 -0.915364   0.401777 -0.0261685    0.40096
         0          0          0          1
 -0.986339   0.116782   0.116175 -0.0632127
  0.112717   0.992781 -0.0409945  0.0547979
 -0.120123 -0.0273397  -0.992382    0.69328
         0          0          0          1
  -0.04456 -0.0820353   0.995633   0.791123
  0.486083   0.868912  0.0933491  -0.160175
 -0.872776    0.48812 0.00115725   0.404582
         0          0          0          1
 -0.982835  -0.183219 -0.0216041  -0.068616
 -0.179207   0.975949  -0.124133   0.111251
 0.0438281  -0.118131   -0.99203   0.835332
         0          0          0          1
-0.0885355  0.0606184   0.994227   0.651923
  0.213611   0.976079 -0.0404899 -0.0894737
 -0.972899   0.208793 -0.0993664   0.413036
         0          0          0          1
 -0.996253 -0.0856537 -0.0119776 -0.0581735
-0.0837424   0.989953  -0.113928   0.098341
 0.0216156  -0.112498  -0.993417   0.785007
         0          0          0          1
-0.0730754  0.0484253    0.99615   0.701157
  0.307382   0.951291 -0.0236957 -0.0978418
 -0.948776   0.304467  -0.084401   0.416654
         0          0          0          1
 -0.999476 0.00724146  0.0315466 -0.0492128
 0.0047615   0.996943 -0.0779899  0.0858424
-0.0320149 -0.0777988  -0.996455   0.739216
         0          0          0          1
 -0.0593901   0.0351499    0.997616    0.748248
   0.398462    0.917145 -0.00859333   -0.106219
   -0.91526    0.397001  -0.0684752    0.420434
          0           0           0           1
 -0.993888   0.110024 0.00906246 -0.0394842
  0.108857   0.990381 -0.0854109  0.0719884
-0.0183725 -0.0839023  -0.996305   0.686989
         0          0          0          1
-0.0473387  0.0210401   0.998657   0.797429
  0.486171   0.873851 0.00463504  -0.114673
  -0.87258   0.485738  -0.051596    0.42406
         0          0          0          1
 -0.976694  -0.186816  -0.105686 -0.0301378
 -0.171859   0.975639  -0.136354   0.111646
  0.128585  -0.115013  -0.985007   0.834754
         0          0          0          1
-0.0828478   0.151508   0.984978   0.658308
  0.219283   0.966923  -0.130286 -0.0456969
 -0.972137   0.205195   -0.11333   0.432556
         0          0          0          1
 -0.990123 -0.0961685  -0.102017 -0.0250219
-0.0826822   0.988183  -0.129063   0.103855
  0.113223  -0.119353  -0.986375   0.783143
         0          0          0          1
-0.0693505   0.144378   0.987089   0.707438
  0.308276   0.944144  -0.116438 -0.0523392
 -0.948766   0.296221  -0.109985   0.436131
         0          0          0          1
 -0.995452 0.00271417 -0.0952304 -0.0208001
 0.0108189   0.996348 -0.0846942  0.0951509
 0.0946528 -0.0853393  -0.991846     0.7336
         0          0          0          1
-0.0573154   0.132552   0.989517   0.754586
   0.39825   0.911909 -0.0990886 -0.0605327
 -0.915485   0.388396  -0.105055   0.439873
         0          0          0          1
 -0.991156   0.100749 -0.0863627 -0.0164996
  0.109703   0.988284  -0.106112   0.084599
 0.0746602  -0.114648  -0.990597   0.680691
         0          0          0          1
-0.0455753   0.119085   0.991838   0.803762
  0.485716   0.870246 -0.0821673 -0.0691185
 -0.872928   0.478006 -0.0975032    0.44367
         0          0          0          1
  -0.963345   -0.200107   -0.178671 0.000269882
  -0.172833    0.972338   -0.157126    0.119149
   0.205171   -0.120486   -0.971282    0.834034
          0           0           0           1
  -0.089115    0.238965     0.96693      0.6646
   0.216131    0.952301    -0.21543 -0.00017409
  -0.972289    0.189785   -0.136512    0.451972
          0           0           0           1
  -0.979056   -0.105456   -0.174149 -0.00189294
 -0.0781934    0.984562     -0.1566    0.113159
   0.187975   -0.139703   -0.972187    0.782878
          0           0           0           1
 -0.0754215    0.227807    0.970781    0.711755
   0.309671    0.930768   -0.194359 -0.00866774
  -0.947848    0.285964   -0.140745    0.455584
          0           0           0           1
  -0.987996 -0.00654669    -0.15434 -0.00400543
  0.0163511    0.989057   -0.146624    0.105664
   0.153611   -0.147387   -0.977078    0.731056
          0           0           0           1
-0.0625813   0.215276   0.974546   0.760937
  0.399875   0.900067  -0.173145 -0.0170951
 -0.914431   0.378861  -0.142411   0.459382
         0          0          0          1
  -0.982574   0.0917842   -0.161628 -0.00640254
   0.114363    0.984025   -0.136437   0.0985853
   0.146523   -0.152544   -0.977375    0.677453
          0           0           0           1
-0.0520529   0.201203   0.978165   0.810047
   0.48683   0.860336   -0.15106 -0.0253936
 -0.871945   0.468337  -0.142735   0.463112
         0          0          0          1
 -0.978231  -0.195744  0.0689112 -0.0930563
 -0.194816   0.980636   0.019994  0.0428591
-0.0714905 0.00613374  -0.997422   0.851524
         0          0          0          1
0.00958511  -0.039769   0.999163   0.649006
   0.19896   0.979306    0.03707  -0.125669
 -0.979961   0.198439  0.0172992   0.370603
         0          0          0          1
 -0.993366 -0.0966692  0.0622844 -0.0749081
-0.0958975   0.995274  0.0152686  0.0327108
-0.0634661  0.0091944  -0.997942   0.801604
         0          0          0          1
0.0253557 -0.051502  0.998351  0.698139
 0.294051  0.954876  0.041791 -0.134117
-0.955453  0.292507 0.0393557  0.374172
        0         0         0         1
  -0.996522 -0.00154439   0.0833145  -0.0577597
 0.00433524    0.997513   0.0703444   0.0209068
 -0.0832159   0.0704609   -0.994037    0.750948
          0           0           0           1
 0.0403235 -0.0652033   0.997057   0.745276
  0.386703   0.921125  0.0445984  -0.142503
 -0.921322   0.383767  0.0623573   0.377991
         0          0          0          1
 -0.992877  0.0970756  0.0690833 -0.0420583
  0.101096   0.993226  0.0572899 0.00943549
-0.0630538  0.0638658  -0.995965   0.701435
         0          0          0          1
0.0533012 -0.080257  0.995348  0.794443
 0.475713   0.87843  0.045355 -0.150779
-0.877984  0.471083 0.0850007  0.381579
        0         0         0         1
 -0.979925  -0.195016 -0.0414267 -0.0499865
 -0.193791   0.980527 -0.0318025  0.0514243
  0.046822 -0.0231359  -0.998635   0.848389
         0          0          0          1
 0.00799459   0.0608051    0.998118    0.655309
   0.199841    0.977917  -0.0611751  -0.0801142
  -0.979796    0.199954 -0.00433329    0.390185
          0           0           0           1
  -0.994104   -0.102317  -0.0359053    -0.03965
  -0.102022    0.994732 -0.00995477   0.0434686
  0.0367347 -0.00623293   -0.999306    0.799428
          0           0           0           1
 0.0240485  0.0489975   0.998509    0.70446
  0.294411   0.954157 -0.0539119 -0.0885217
 -0.955376   0.295268 0.00852067   0.393657
         0          0          0          1
  -0.998059  0.00144932  -0.0622538  -0.0279159
 0.00203819    0.999954 -0.00939674   0.0337991
  0.0622373 -0.00950539   -0.998016    0.746706
          0           0           0           1
 0.0389379  0.0356233   0.998606   0.751587
  0.386537   0.921028 -0.0479278 -0.0969563
 -0.921451   0.387865  0.0220931   0.397401
         0          0          0          1
 -0.994912  0.0966912 -0.0282898 -0.0183552
 0.0962863   0.995235  0.0153447  0.0258568
 0.0296387  0.0125427  -0.999482   0.696604
         0          0          0          1
 0.0520599  0.0209545   0.998424   0.800758
  0.475398   0.878708 -0.0432302   -0.10534
 -0.878229     0.4769  0.0357837   0.401204
         0          0          0          1
 -0.975175  -0.184244  -0.122833 -0.0179145
 -0.178723   0.982381 -0.0546403  0.0567982
  0.130736 -0.0313309  -0.990922   0.845296
         0          0          0          1
0.00507211   0.147573   0.989038   0.661617
  0.210101   0.966817  -0.145335 -0.0364415
 -0.977667   0.208535 -0.0261013   0.409627
         0          0          0          1
  -0.988152  -0.0938589   -0.121433 -0.00296359
 -0.0898012    0.995216  -0.0384789   0.0474542
   0.124464  -0.0271181   -0.991853    0.794677
          0           0           0           1
 0.0291547   0.143562   0.989212    0.71077
  0.299802   0.942815  -0.145665  -0.044948
 -0.953556   0.300814 -0.0155527   0.413122
         0          0          0          1
   -0.994948 -0.000215327    -0.100392 -0.000502028
  0.00395689     0.999137   -0.0413584    0.0416959
    0.100314   -0.0415467    -0.994088     0.742875
           0            0            0            1
 0.0431225    0.13125   0.990411   0.757949
  0.386622   0.911903  -0.137679 -0.0512918
 -0.921229   0.388852 -0.0114205   0.417097
         0          0          0          1
 -0.988465  0.0990351   -0.11458 0.00356518
  0.100911   0.994838 -0.0106731  0.0376138
  0.112932 -0.0221123  -0.993357   0.690301
         0          0          0          1
  0.0548115    0.117059    0.991611     0.80705
   0.474955    0.870502   -0.129015  -0.0596451
  -0.878302    0.478042 -0.00788415     0.42059
          0           0           0           1
 -0.960083  -0.196146  -0.199417  0.0212023
 -0.183441    0.97973 -0.0804928  0.0590453
  0.211163 -0.0406985  -0.976603   0.846945
         0          0          0          1
0.00874059   0.239072   0.970962   0.667947
  0.203352   0.950285  -0.235811 0.00918535
 -0.979067   0.199509 -0.0403099   0.429029
         0          0          0          1
 -0.975304  -0.102023  -0.195889  0.0191508
-0.0885825   0.993149 -0.0762138  0.0562749
  0.202322 -0.0569793   -0.97766   0.794324
         0          0          0          1
  0.0231556    0.227921    0.973404    0.717133
   0.297965    0.927841    -0.22434 0.000633294
  -0.954296    0.295235  -0.0464277    0.432698
          0           0           0           1
  -0.985669 -0.00124478   -0.168688   0.0175923
 0.00823034    0.998427  -0.0554588   0.0544056
   0.168491  -0.0560524   -0.984108    0.742402
          0           0           0           1
  0.0362285     0.21524    0.975889    0.764235
    0.38962    0.896212   -0.212131 -0.00765985
  -0.920263    0.387911  -0.0513934    0.436384
          0           0           0           1
 -0.977116  0.0987605   -0.18839  0.0163402
  0.107443   0.993544 -0.0364189  0.0522849
  0.183578 -0.0558266  -0.981419   0.687635
         0          0          0          1
 0.0479326    0.20142   0.978331   0.813395
  0.477558   0.855638  -0.199557 -0.0160956
 -0.877292   0.476775 -0.0551766   0.440121
         0          0          0          1
  -0.977566   -0.210422 -0.00936086  -0.0687408
  -0.210583    0.977319   0.0223969  -0.0203489
 0.00443575   0.0238657   -0.999705    0.862126
          0           0           0           1
  0.105564 -0.0380537   0.993684   0.652301
  0.183004   0.982944   0.018201   -0.11639
 -0.977428   0.179927   0.110727   0.349707
         0          0          0          1
  -0.99256  -0.120674  0.0162237 -0.0568114
 -0.118023   0.986275   0.115463 -0.0242939
-0.0299344   0.112689  -0.993179   0.810723
         0          0          0          1
  0.121976 -0.0493858   0.991304   0.701481
  0.278385   0.960373  0.0135908  -0.124698
 -0.952693   0.274307    0.13089   0.352274
         0          0          0          1
 -0.999596  -0.016348   0.023268 -0.0373832
-0.0129488   0.990152   0.139397 -0.0301687
-0.0253177   0.139039  -0.989963   0.757646
         0          0          0          1
  0.137144 -0.0623069    0.98859   0.748603
  0.371057   0.928583 0.00704934  -0.133177
 -0.918427   0.365856   0.150469   0.354937
         0          0          0          1
 -0.996223  0.0818759   0.028928 -0.0203421
 0.0854016   0.984102   0.155721 -0.0365496
-0.0157183   0.157604  -0.987377   0.706132
         0          0          0          1
   0.151051  -0.0769923    0.985523    0.797762
   0.460353    0.887735 -0.00120576   -0.141577
   -0.87479    0.453871    0.169537    0.358734
          0           0           0           1
 -0.976686  -0.200544 -0.0765965 -0.0319065
 -0.205874   0.976109  0.0694759 -0.0118521
 0.0608335  0.0836254  -0.994639   0.855712
         0          0          0          1
  0.102275  0.0610605    0.99288   0.658603
  0.184493   0.979634 -0.0792501 -0.0707842
 -0.977498   0.191285  0.0889266    0.36918
         0          0          0          1
 -0.991774  -0.104465 -0.0739683 -0.0188706
 -0.110318   0.990668  0.0800399 -0.0143051
 0.0649167  0.0875416  -0.994043   0.803631
         0          0          0          1
   0.11977  0.0502127   0.991531   0.707807
  0.279075   0.956748 -0.0821616 -0.0791618
 -0.952771   0.286552   0.100577   0.372739
         0          0          0          1
  -0.994488  -0.0054798   -0.104705 -0.00711025
 -0.0148534    0.995925   0.0889549  -0.0183026
   0.103791   0.0900198   -0.990517    0.749978
          0           0           0           1
  0.136132  0.0368538   0.990005   0.756967
  0.371173   0.924623 -0.0854585 -0.0874062
 -0.918531   0.379097   0.112191   0.376578
         0          0          0          1
  -0.99376  0.0930176 -0.0615582 0.00383581
 0.0854662   0.989608   0.115632 -0.0222984
 0.0716744   0.109649  -0.991383   0.699565
         0          0          0          1
  0.149555  0.0228003    0.98849   0.804036
  0.460301   0.883188 -0.0900132  -0.096075
 -0.875075   0.468465    0.12159   0.380156
         0          0          0          1
  -0.970173    -0.19156   -0.148558  0.00165704
  -0.197333    0.980017   0.0250091 -0.00436736
   0.140799   0.0535786   -0.988587    0.854165
          0           0           0           1
 0.0984691   0.147124   0.984204   0.664984
  0.190969   0.967836  -0.163784 -0.0271607
 -0.976645    0.20408  0.0672057   0.388684
         0          0          0          1
  -0.985252  -0.0952755    -0.14213  0.00709288
  -0.102091    0.993912   0.0414369 -0.00132002
   0.137317   0.0553359    -0.98898    0.802135
          0           0           0           1
   0.11163   0.137331   0.984215   0.714085
  0.286917   0.943773   -0.16423 -0.0355771
 -0.951429   0.300721  0.0659508   0.392155
         0          0          0          1
  -0.989125 -0.00227633   -0.147062   0.0147057
  -0.013033    0.997303   0.0722218 -0.00576601
   0.146501    0.073353   -0.986487    0.749759
          0           0           0           1
  0.133212   0.126413   0.982993   0.762269
  0.373718   0.912209  -0.167955 -0.0429211
 -0.917927   0.389736  0.0742743   0.394989
         0          0          0          1
 -0.984493  0.0992768   -0.14463  0.0205804
 0.0871835   0.992325  0.0876946 -0.0119038
  0.152226  0.0737254  -0.985592   0.695895
         0          0          0          1
  0.153814   0.110694    0.98188   0.810422
  0.458484   0.872261  -0.170159 -0.0503578
 -0.875291   0.476349  0.0834143    0.39772
         0          0          0          1
  -0.954829   -0.188758   -0.229505   0.0411527
  -0.192715    0.981241 -0.00526151 -0.00304211
   0.226193   0.0392053   -0.973293    0.854099
          0           0           0           1
  0.10552  0.238492  0.965395  0.671251
 0.188817  0.948348 -0.254919 0.0184739
-0.976327  0.209182 0.0550383  0.406157
        0         0         0         1
   -0.968947   -0.0954525      -0.2281    0.0395178
    -0.10102     0.994802    0.0128325 -8.32834e-05
     0.22569    0.0354767    -0.973553     0.802594
           0            0            0            1
 0.120063  0.227065   0.96645  0.720409
 0.283684  0.925054 -0.252582  0.010035
-0.951372  0.304493 0.0466498  0.409667
        0         0         0         1
 -0.974821  0.0088245  -0.222813  0.0388941
0.00441566   0.999785  0.0202776 0.00343421
  0.222944  0.0187832   -0.97465    0.74894
         0          0          0          1
  0.134249     0.2142    0.96752   0.767614
  0.375401   0.892594  -0.249701 0.00166026
 -0.917089    0.39673  0.0394188   0.413488
         0          0          0          1
 -0.971061   0.107392  -0.213325  0.0383038
 0.0985987   0.993795  0.0514705 0.00621234
  0.217529  0.0289474  -0.975625   0.694779
         0          0          0          1
   0.146655    0.200376     0.96868    0.816717
   0.463783    0.851037   -0.246256 -0.00671672
  -0.873726    0.485372    0.031878    0.417199
          0           0           0           1
 -0.973929  -0.225011 -0.0288644 -0.0515542
 -0.226822    0.96372   0.140697  -0.082318
-0.0038411   0.143576  -0.989632   0.863992
         0          0          0          1
  0.199942 -0.0354837   0.979165   0.655587
  0.165584   0.986194 0.00192675  -0.107086
 -0.965715   0.161749   0.203057   0.326689
         0          0          0          1
 -0.991822  -0.126602 -0.0161569 -0.0354554
 -0.127193   0.970015   0.207104 -0.0815751
-0.0105475   0.207466  -0.978185   0.809999
         0          0          0          1
  0.216655 -0.0456728   0.975179   0.704822
  0.260404   0.965417 -0.0126382  -0.115334
 -0.940877   0.256679   0.221056   0.330371
         0          0          0          1
  -0.999534  -0.0305287 0.000403878  -0.0165044
 -0.0296887    0.974947    0.220449  -0.0821026
-0.00712377    0.220334   -0.975399     0.75734
          0           0           0           1
  0.232334 -0.0578451   0.970914   0.753937
  0.352112   0.935523 -0.0285219   -0.12387
 -0.906663   0.348497   0.237722    0.33399
         0          0          0          1
 -0.997616  0.0688207 0.00505364 0.00105235
 0.0680065   0.968107   0.241131 -0.0840218
 0.0117024     0.2409  -0.970479   0.706781
         0          0          0          1
  0.246428 -0.0720059   0.966483   0.801092
  0.440621   0.896537 -0.0455522  -0.132245
 -0.863207   0.437078   0.252659   0.337941
         0          0          0          1
 -0.972557  -0.206338  -0.107505 -0.0143933
 -0.220557   0.964739   0.143642 -0.0732543
 0.0740752   0.163411  -0.983773     0.8595
         0          0          0          1
  0.196588  0.0601396    0.97864   0.661984
  0.167776   0.981333 -0.0940077 -0.0614537
 -0.966025   0.182673   0.182828   0.346199
         0          0          0          1
   -0.988538    -0.109791    -0.103622 -0.000629034
   -0.125371     0.979398     0.158307   -0.0690372
   0.0841065     0.169483    -0.981938     0.806702
           0            0            0            1
   0.21278   0.050966    0.97577   0.711108
  0.261707   0.959179  -0.107168 -0.0697235
   -0.9414   0.278169   0.190756   0.349677
         0          0          0          1
 -0.993054 -0.0119206  -0.117051  0.0133125
-0.0322617   0.984312   0.173463 -0.0679692
  0.113147   0.176034   -0.97786   0.752791
         0          0          0          1
  0.229847   0.039496   0.972425   0.760278
  0.352542   0.927938  -0.121017 -0.0783167
  -0.90713   0.370636    0.19936   0.353664
         0          0          0          1
 -0.991798  0.0885935  -0.092131  0.0248271
 0.0686582   0.977259   0.200625 -0.0672805
   0.10781   0.192654  -0.975326   0.701362
         0          0          0          1
   0.24429  0.0254979   0.969367   0.807397
  0.440744   0.887511  -0.134417 -0.0865601
 -0.863752    0.46008   0.205572   0.357277
         0          0          0          1
 -0.964498  -0.190449  -0.182954  0.0221828
 -0.211582   0.971836   0.103772 -0.0672798
  0.158038   0.138798  -0.977629   0.856602
         0          0          0          1
  0.194979   0.147638   0.969632   0.668295
  0.172248   0.968087  -0.182039 -0.0177654
 -0.965564   0.202511   0.163327   0.365712
         0          0          0          1
 -0.978868 -0.0962241  -0.180439  0.0272451
 -0.119077   0.985557   0.120408 -0.0590598
  0.166247    0.13935  -0.976188    0.80525
         0          0          0          1
  0.208764   0.136731   0.968361   0.717433
  0.266871   0.944633  -0.190914 -0.0262991
 -0.940849   0.298283   0.160716   0.369299
         0          0          0          1
 -0.987632 0.00434862  -0.156726  0.0320887
-0.0151959   0.992254   0.123291 -0.0536022
  0.156049   0.124148  -0.979916   0.752062
         0          0          0          1
  0.221662   0.122932   0.967344     0.7666
  0.358044   0.912469  -0.198003 -0.0346105
 -0.907012   0.390241   0.158245    0.37296
         0          0          0          1
  -0.98139    0.10299   -0.16207  0.0358522
 0.0767194    0.98401   0.160743 -0.0520797
  0.176033   0.145317  -0.973599   0.698092
         0          0          0          1
   0.23651   0.105025   0.965936   0.813706
  0.444268   0.872443  -0.203639 -0.0428817
 -0.864112   0.477297   0.159682   0.376816
         0          0          0          1
 -0.948695  -0.176919  -0.262066  0.0618181
 -0.203842   0.975797  0.0791688 -0.0658429
  0.241717   0.128527  -0.961797   0.855611
         0          0          0          1
 0.200551  0.237493  0.950461  0.674638
 0.171994  0.946569 -0.272812 0.0277926
-0.964467  0.218186  0.148988  0.383131
        0         0         0         1
 -0.962398 -0.0826008  -0.258781  0.0598319
  -0.10879   0.990113  0.0885504 -0.0559119
  0.248908   0.113374  -0.961869   0.803496
         0          0          0          1
 0.215228   0.22554  0.950162  0.723736
 0.266677   0.92241  -0.27936 0.0194449
-0.939447  0.313513  0.138382  0.386657
        0         0         0         1
 -0.967263 0.00696697   -0.25368  0.0600139
-0.0232819   0.992971   0.116043 -0.0489365
  0.252705    0.11815  -0.960302   0.758261
         0          0          0          1
 0.230113  0.212584  0.949661  0.770934
  0.35781  0.889012 -0.285709 0.0108686
-0.904997  0.405543  0.128508  0.390639
        0         0         0         1
 -0.961772   0.117551  -0.247338  0.0598589
 0.0873907   0.987707   0.129604 -0.0399271
  0.259533   0.103034  -0.960222   0.697086
         0          0          0          1
  0.242708   0.198433   0.949588   0.820052
  0.445623   0.846665  -0.290824 0.00262898
 -0.861692   0.493743   0.117066   0.394149
         0          0          0          1
